%YAML:1.0
cameraMatrix: !!opencv-matrix
   rows: 3
   cols: 3
   dt: d
   data: [ 9.7900403609077932e+02, 0., 5.0356933249769736e+02, 0.,
       9.7963834126011216e+02, 3.6919776287677877e+02, 0., 0., 1. ]
imageSize_width: 1024
imageSize_height: 768
sensorSize_width: 0
sensorSize_height: 0
distCoeffs: !!opencv-matrix
   rows: 5
   cols: 1
   dt: d
   data: [ -3.2182468119238922e-01, 2.2499204601357237e-01,
       2.1609039546865267e-04, -2.2193861394223992e-03,
       -1.4319750829518851e-01 ]
reprojectionError: 1.8027113378047943e-01
features:
   - [ 4.74301514e+02, 2.71488831e+02, 5.21726624e+02, 2.72181122e+02,
       5.69370422e+02, 2.72957092e+02, 6.15499573e+02, 2.73817749e+02,
       6.61346680e+02, 2.74842682e+02, 7.05507080e+02, 2.75952362e+02,
       7.49189636e+02, 2.77446350e+02, 4.74045563e+02, 3.19325775e+02,
       5.21794495e+02, 3.19671478e+02, 5.69443665e+02, 3.20218842e+02,
       6.15849854e+02, 3.20663849e+02, 6.61598328e+02, 3.21492340e+02,
       7.06668152e+02, 3.22077118e+02, 7.49908325e+02, 3.22752899e+02,
       4.73897827e+02, 3.67401093e+02, 5.21781311e+02, 3.67611847e+02,
       5.69496216e+02, 3.67795929e+02, 6.16364075e+02, 3.68006439e+02,
       6.62205933e+02, 3.68264282e+02, 7.07263123e+02, 3.68444427e+02,
       7.51018738e+02, 3.68651367e+02, 4.73750031e+02, 4.15708618e+02,
       5.21775085e+02, 4.15683502e+02, 5.69528625e+02, 4.15660248e+02,
       6.16555725e+02, 4.15529388e+02, 6.62537720e+02, 4.15313568e+02,
       7.07425781e+02, 4.14988342e+02, 7.51261475e+02, 4.14708344e+02,
       4.73700562e+02, 4.64188782e+02, 5.21769836e+02, 4.63910736e+02,
       5.69563049e+02, 4.63573792e+02, 6.16620972e+02, 4.62904449e+02,
       6.62575867e+02, 4.62455475e+02, 7.07416199e+02, 4.61742157e+02,
       7.51294617e+02, 4.60862457e+02, 4.73770996e+02, 5.12487976e+02,
       5.21730835e+02, 5.12175964e+02, 5.69541138e+02, 5.11409149e+02,
       6.16369873e+02, 5.10517273e+02, 6.62303894e+02, 5.09618561e+02,
       7.07348755e+02, 5.08406891e+02, 7.51143494e+02, 5.07000214e+02,
       4.73767395e+02, 5.60360962e+02, 5.21679932e+02, 5.59619446e+02,
       5.69404236e+02, 5.58609009e+02, 6.15736023e+02, 5.57585693e+02,
       6.61583313e+02, 5.56261414e+02, 7.06724365e+02, 5.54506104e+02,
       7.49946838e+02, 5.52638855e+02, 4.73938904e+02, 6.07268921e+02,
       5.21577759e+02, 6.06499634e+02, 5.69141968e+02, 6.05174866e+02,
       6.15408447e+02, 6.03858276e+02, 6.61090271e+02, 6.02160767e+02,
       7.05487610e+02, 6.00136475e+02, 7.49228088e+02, 5.97910645e+02,
       4.74019867e+02, 6.53710938e+02, 5.21501099e+02, 6.52645386e+02,
       5.68335693e+02, 6.51109314e+02, 6.14653687e+02, 6.49390442e+02,
       6.59760559e+02, 6.47385437e+02, 7.04591309e+02, 6.44967346e+02,
       7.47547180e+02, 6.42392944e+02, 4.74237030e+02, 6.98954956e+02,
       5.21292542e+02, 6.97767395e+02, 5.67808350e+02, 6.96201538e+02,
       6.13640869e+02, 6.94235596e+02, 6.58910950e+02, 6.91572937e+02,
       7.03190918e+02, 6.88728760e+02, 7.46280518e+02, 6.85619873e+02 ]
   - [ 4.02804810e+02, 2.02607361e+02, 4.51441986e+02, 2.02798080e+02,
       5.00156677e+02, 2.03425217e+02, 5.49340942e+02, 2.04126297e+02,
       5.97615601e+02, 2.05098129e+02, 6.45670105e+02, 2.06291992e+02,
       6.93411987e+02, 2.07682663e+02, 4.01535980e+02, 2.50626480e+02,
       4.50400604e+02, 2.51027008e+02, 4.99576874e+02, 2.51547867e+02,
       5.49027405e+02, 2.52255020e+02, 5.97615845e+02, 2.53099991e+02,
       6.46159119e+02, 2.54046890e+02, 6.93795837e+02, 2.55431107e+02,
       4.00479889e+02, 2.99466492e+02, 4.49553314e+02, 2.99782227e+02,
       4.99270935e+02, 3.00395508e+02, 5.48506836e+02, 3.00925629e+02,
       5.97510010e+02, 3.01689240e+02, 6.46409668e+02, 3.02494476e+02,
       6.94477539e+02, 3.03547607e+02, 3.99543060e+02, 3.48550110e+02,
       4.49077118e+02, 3.49164276e+02, 4.98453613e+02, 3.49660156e+02,
       5.47739624e+02, 3.50269867e+02, 5.97368958e+02, 3.50754822e+02,
       6.46238831e+02, 3.51557220e+02, 6.94426575e+02, 3.52199951e+02,
       3.98912109e+02, 3.98066345e+02, 4.48007874e+02, 3.98643585e+02,
       4.97674438e+02, 3.99316040e+02, 5.47443237e+02, 3.99815033e+02,
       5.97092834e+02, 4.00368988e+02, 6.45789246e+02, 4.00686340e+02,
       6.94173035e+02, 4.01204468e+02, 3.98020874e+02, 4.47806946e+02,
       4.47520050e+02, 4.48535858e+02, 4.97406921e+02, 4.49094452e+02,
       5.47140808e+02, 4.49676453e+02, 5.96310608e+02, 4.50072510e+02,
       6.45414856e+02, 4.50332031e+02, 6.93545959e+02, 4.50412018e+02,
       3.97717194e+02, 4.97087830e+02, 4.47294250e+02, 4.98058197e+02,
       4.96840363e+02, 4.98615936e+02, 5.46170776e+02, 4.99082916e+02,
       5.95514771e+02, 4.99451935e+02, 6.44739990e+02, 4.99486450e+02,
       6.92932983e+02, 4.99370056e+02, 3.97540710e+02, 5.46176147e+02,
       4.46820404e+02, 5.46866455e+02, 4.95903015e+02, 5.47717773e+02,
       5.45508118e+02, 5.48228027e+02, 5.94807739e+02, 5.48315002e+02,
       6.43465210e+02, 5.48186829e+02, 6.91498718e+02, 5.47829468e+02,
       3.97559937e+02, 5.94440369e+02, 4.46360504e+02, 5.95443298e+02,
       4.95533569e+02, 5.96279968e+02, 5.44946350e+02, 5.96508972e+02,
       5.93581909e+02, 5.96528198e+02, 6.42324707e+02, 5.96414246e+02,
       6.89863770e+02, 5.95654053e+02, 3.97600372e+02, 6.41676025e+02,
       4.46143646e+02, 6.42771545e+02, 4.95282440e+02, 6.43523193e+02,
       5.43705383e+02, 6.44036926e+02, 5.92555725e+02, 6.44105286e+02,
       6.41141541e+02, 6.43407104e+02, 6.88547852e+02, 6.42591736e+02 ]
   - [ 4.08270447e+02, 2.16241425e+02, 4.56641083e+02, 2.20286728e+02,
       5.05417175e+02, 2.24717651e+02, 5.53531738e+02, 2.29254379e+02,
       6.01493835e+02, 2.33708405e+02, 6.49233337e+02, 2.38554077e+02,
       6.95497986e+02, 2.43646362e+02, 4.03559082e+02, 2.64059570e+02,
       4.52105469e+02, 2.68260834e+02, 5.01219910e+02, 2.72471344e+02,
       5.49578369e+02, 2.77005951e+02, 5.97700134e+02, 2.81552765e+02,
       6.45551453e+02, 2.86072266e+02, 6.92865356e+02, 2.90820007e+02,
       3.99189972e+02, 3.12592072e+02, 4.47663818e+02, 3.16669159e+02,
       4.97057068e+02, 3.21148956e+02, 5.45549927e+02, 3.25432312e+02,
       5.94138367e+02, 3.29684814e+02, 6.42132812e+02, 3.34092468e+02,
       6.89405579e+02, 3.38480194e+02, 3.94432648e+02, 3.61515686e+02,
       4.43421722e+02, 3.65647583e+02, 4.92592529e+02, 3.69946594e+02,
       5.41477173e+02, 3.74161194e+02, 5.90140076e+02, 3.78313507e+02,
       6.38522217e+02, 3.82531891e+02, 6.85626953e+02, 3.86601349e+02,
       3.89905457e+02, 4.10542450e+02, 4.39291962e+02, 4.14740173e+02,
       4.88400513e+02, 4.19053589e+02, 5.37469666e+02, 4.23254364e+02,
       5.86177917e+02, 4.27291626e+02, 6.34597595e+02, 4.31198303e+02,
       6.81895691e+02, 4.34878815e+02, 3.85676636e+02, 4.59879181e+02,
       4.35091919e+02, 4.64289825e+02, 4.83987671e+02, 4.68316772e+02,
       5.33375610e+02, 4.72448303e+02, 5.81810303e+02, 4.76264160e+02,
       6.30349976e+02, 4.80023621e+02, 6.77633911e+02, 4.83468201e+02,
       3.81712585e+02, 5.08661682e+02, 4.30929596e+02, 5.13030640e+02,
       4.79743652e+02, 5.17208313e+02, 5.29041992e+02, 5.21221191e+02,
       5.77547668e+02, 5.24801941e+02, 6.25753662e+02, 5.28313721e+02,
       6.73329956e+02, 5.31520447e+02, 3.78140564e+02, 5.56982605e+02,
       4.27161285e+02, 5.61411499e+02, 4.75707031e+02, 5.65676819e+02,
       5.24804504e+02, 5.69390747e+02, 5.73240417e+02, 5.72723511e+02,
       6.21395386e+02, 5.76239014e+02, 6.68563538e+02, 5.78873108e+02,
       3.74737091e+02, 6.04867432e+02, 4.23175232e+02, 6.09211731e+02,
       4.71560852e+02, 6.13273804e+02, 5.20442322e+02, 6.16873901e+02,
       5.68731689e+02, 6.20449890e+02, 6.16576050e+02, 6.23507141e+02,
       6.63491394e+02, 6.25979126e+02, 3.71358459e+02, 6.51584961e+02,
       4.19509460e+02, 6.55884094e+02, 4.67777557e+02, 6.60231201e+02,
       5.15710571e+02, 6.63517029e+02, 5.64335449e+02, 6.66722168e+02,
